image: map.pgm
resolution: 0.050000
origin: [-8.900000, -11.450000, -nan]
negate: 0
occupied_thresh: 0.65
free_thresh: 0.196

